Tf = 4.0;
highpass = 1;
exc = [ 3, 0.0216, 1.1280, 0.1254, 0.9631 ];
finger_def = {
  3, [0.0000, 0.2377, 0.0639; 0.0404, 0.2781, 0.1671; 0.0808, 0.3132, 0.2638; 0.1212, 0.3433, 0.3541; 0.1616, 0.3688, 0.4381; 0.2020, 0.3901, 0.5158; 0.2424, 0.4076, 0.5874; 0.2828, 0.4218, 0.6530; 0.3232, 0.4329, 0.7126; 0.3636, 0.4415, 0.7663; 0.4040, 0.4480, 0.8143; 0.4444, 0.4527, 0.8566; 0.4848, 0.4560, 0.8933; 0.5253, 0.4584, 0.9244; 0.5657, 0.4603, 0.9502; 0.6061, 0.4620, 0.9707; 0.6465, 0.4640, 0.9859; 0.6869, 0.4666, 0.9960; 0.7273, 0.4703, 1.0000; 0.7677, 0.4755, 1.0000; 0.8081, 0.4826, 0.9963; 0.8485, 0.4919, 0.9868; 0.8889, 0.5039, 0.9725; 0.9293, 0.5188, 0.9538; 0.9697, 0.5357, 0.9310; 1.0101, 0.5535, 0.9046; 1.0505, 0.5711, 0.8752; 1.0909, 0.5875, 0.8434; 1.1313, 0.6015, 0.8096; 1.1717, 0.6120, 0.7743; 1.2121, 0.6180, 0.7381; 1.2525, 0.6183, 0.7015; 1.2929, 0.6120, 0.6651; 1.3333, 0.5978, 0.6293; 1.3737, 0.5753, 0.5946; 1.4141, 0.5459, 0.5607; 1.4545, 0.5120, 0.5273; 1.4949, 0.4755, 0.4941; 1.5354, 0.4386, 0.4607; 1.5758, 0.4035, 0.4269; 1.6162, 0.3723, 0.3922; 1.6566, 0.3470, 0.3564; 1.6970, 0.3299, 0.3190; 1.7374, 0.3231, 0.2799; 1.7778, 0.3286, 0.2385; 1.8182, 0.3479, 0.1950; 1.8586, 0.3793, 0.1509; 1.8990, 0.4202, 0.1080; 1.9394, 0.4683, 0.0682; 1.9798, 0.5211, 0.0334; 2.0202, 0.5760, 0.0054; 2.0606, 0.6307, 0.0000; 2.1010, 0.6827, 0.0000; 2.1414, 0.7294, 0.0000; 2.1818, 0.7685, 0.0000; 2.2222, 0.7975, 0.0327; 2.2626, 0.8146, 0.0837; 2.3030, 0.8204, 0.1490; 2.3434, 0.8162, 0.2247; 2.3838, 0.8035, 0.3071; 2.4242, 0.7836, 0.3923; 2.4646, 0.7577, 0.4766; 2.5051, 0.7272, 0.5561; 2.5455, 0.6935, 0.6272; 2.5859, 0.6579, 0.6860; 2.6263, 0.6217, 0.7288; 2.6667, 0.5862, 0.7517; 2.7071, 0.5526, 0.7521; 2.7475, 0.5212, 0.7326; 2.7879, 0.4918, 0.6965; 2.8283, 0.4646, 0.6474; 2.8687, 0.4397, 0.5890; 2.9091, 0.4169, 0.5247; 2.9495, 0.3963, 0.4582; 2.9899, 0.3781, 0.3930; 3.0303, 0.3621, 0.3327; 3.0707, 0.3484, 0.2808; 3.1111, 0.3371, 0.2409; 3.1515, 0.3281, 0.2157; 3.1919, 0.3213, 0.2047; 3.2323, 0.3166, 0.2063; 3.2727, 0.3138, 0.2192; 3.3131, 0.3128, 0.2419; 3.3535, 0.3134, 0.2729; 3.3939, 0.3154, 0.3109; 3.4343, 0.3187, 0.3544; 3.4747, 0.3233, 0.4020; 3.5152, 0.3288, 0.4521; 3.5556, 0.3352, 0.5035; 3.5960, 0.3422, 0.5546; 3.6364, 0.3499, 0.6040; 3.6768, 0.3579, 0.6503; 3.7172, 0.3662, 0.6921; 3.7576, 0.3746, 0.7278; 3.7980, 0.3830, 0.7561; 3.8384, 0.3912, 0.7756; 3.8788, 0.3990, 0.7847; 3.9192, 0.4063, 0.7821; 3.9596, 0.4130, 0.7662; 4.0000, 0.4188, 0.7358; ], [0.0, 0.0]
};
